###ctarget

##touch1

00 00 00 00 00 00 00 00 
00 00 00 00 00 00 00 00 
00 00 00 00 00 00 00 00 
00 00 00 00 00 00 00 00 
00 00 00 00 00 00 00 00
b2 5a 55 55 55 55

##touch2

48 c7 c7 bf 7b 92 76 48 
b8 e0 5a 55 55 55 55 00 
00 ff e0 00 00 00 00 00 
00 00 00 00 00 00 00 00 
00 00 00 00 00 00 00 00
68 fd 66 55 00 00 00 00

##touch3

48 c7 c7 98 fd 66 55 48 
b8 f7 5b 55 55 55 55 00 
00 ff e0 00 00 00 00 00 
00 00 00 00 00 00 00 00 
00 00 00 00 00 00 00 00
68 fd 66 55 00 00 00 00 
37 36 39 32 37 62 62 66

###rtarget

##touch2

00 00 00 00 00 00 00 00
00 00 00 00 00 00 00 00
00 00 00 00 00 00 00 00
00 00 00 00 00 00 00 00
00 00 00 00 00 00 00 00
a5 5c 55 55 55 55 00 00
bf 7b 92 76 00 00 00 00
b7 5c 55 55 55 55 00 00
e0 5a 55 55 55 55 00 00